0.000000000000000000e+00 1.539770285594800961e-02 -9.633505390135560509e-02 5.444853371534127615e-03 -1.314475215572648813e-02 -1.382876392605263084e-03 -5.538352293112539307e-03 -1.143077075207545235e-04 -1.272858399358256726e-03 2.936484425304206514e-04
1.000000000000000056e-01 -1.446263397447563603e-01 2.345241170706844139e-03 3.568196492031550787e-02 2.413151449659036232e-03 -7.787730564898694315e-03 -1.330710064823134239e-02 -8.813169074093926345e-03 -1.407465373053346999e-02 -8.267721106899708280e-03
2.000000000000000111e-01 1.120830667955935583e-01 -4.529149974609317231e-02 -3.467449465737418302e-02 -3.349458515295623481e-03 -2.278689479466440571e-02 -1.390178228494183890e-02 -1.284285298707973921e-02 -1.465411033722731002e-02 -1.512594210204551426e-02
3.000000000000000444e-01 -1.475164484122990782e-01 -8.081492564704303994e-02 -4.829673771565819868e-02 -3.918526074560750583e-02 -1.037324605867627654e-02 -1.850617747482788400e-02 -1.928626838327966025e-02 -1.914664596610472433e-02 -2.091205072710430185e-02
4.000000000000000222e-01 -3.007419614842954392e-02 1.535857135214787131e-02 2.246539464568421060e-02 -3.886840901758840255e-03 -3.399002680007325722e-02 -2.292141687571829303e-02 -2.417391665019312519e-02 -2.054009618401333309e-02 -2.048239462565340854e-02
5.000000000000000000e-01 9.421130856835470413e-02 -2.520553850824847064e-02 -2.376682667347255334e-02 -4.846234859550342666e-02 -3.273041481724646429e-02 -3.049406954444155993e-02 -1.834175225584411609e-02 -1.932657864410480472e-02 -1.978286326206603676e-02
6.000000000000000888e-01 -1.072204388476695469e-02 2.067792565677712552e-02 -3.472363889588682417e-02 -1.083120549369935223e-02 -2.611680760202425219e-02 -7.377326413717653908e-03 -2.099228529293110587e-02 -1.444152182852064328e-02 -1.765043621026796128e-02
7.000000000000000666e-01 -9.910096740419135908e-02 -9.490382125257121326e-02 -6.259544720293987348e-03 -3.502935808770860082e-02 9.414098153134358576e-03 -1.819303204654050890e-02 -1.053589619545253035e-02 -1.322292985704473511e-02 -1.085078108633931275e-02
8.000000000000000444e-01 -1.124592318813213976e-02 1.077279890084947324e-02 1.249273326164050679e-02 3.430653982634896543e-02 8.581072377596331291e-03 -1.047605467687613007e-02 -1.617405056392054799e-04 -4.711943098701263863e-03 -3.012527728733806025e-03
9.000000000000000222e-01 -3.337389809352041964e-02 9.736674519545605172e-03 3.555590272425737663e-02 2.035441079156707564e-02 9.258493154973681041e-03 1.669772186885879264e-02 5.418251097178451714e-03 5.519459410748495110e-03 4.423471536810406890e-03
1.000000000000000000e+00 5.042589819720438155e-02 6.368307331238953761e-02 2.344181834549408094e-02 -2.153871040654620206e-03 7.458024175302694833e-03 2.736497130658651494e-02 1.984976312353159758e-02 1.617121180081630347e-02 1.451806375051308169e-02
1.100000000000000089e+00 -1.422913921904633838e-01 1.603177353608477018e-01 8.222097337555675511e-02 1.308414238034707848e-02 3.850620005387617173e-02 3.769152729126488965e-02 2.506240458848135039e-02 2.851383069286932484e-02 2.677619444707114021e-02
1.200000000000000178e+00 -5.313450388841345351e-04 -1.668439361041065133e-02 7.573252133446092826e-02 5.707065060679429591e-02 3.626214912642517635e-02 3.287965085298663603e-02 3.994543892745491126e-02 4.295273995924665106e-02 4.043812700146144634e-02
1.300000000000000044e+00 -3.883133158855112121e-02 1.654347873725150464e-01 9.825858565694714497e-02 7.395400864737450286e-02 5.243508200821652560e-02 4.994717717200761187e-02 5.902878557203054821e-02 5.325823814945714052e-02 5.367677925691659302e-02
1.400000000000000133e+00 1.091107370448586023e-01 6.471228523775944541e-02 5.854272059173676324e-02 9.130622831437729126e-02 7.502744599940808223e-02 7.558000837516729020e-02 7.737699141010874471e-02 7.288783624760368507e-02 6.841713060547088832e-02
1.500000000000000000e+00 2.130128028574728716e-01 9.466606490867900126e-02 1.211686421211971287e-01 8.957134654356357917e-02 1.042568300667719161e-01 8.235097774735269938e-02 8.083211066352885554e-02 8.626724172614735897e-02 8.651960028873890984e-02
1.600000000000000089e+00 8.761127641872951122e-03 1.357761730856258675e-01 1.207764852706148945e-01 1.279576912662833410e-01 1.048216576550616841e-01 9.809558225110222296e-02 1.061911306457661019e-01 9.943329489542054866e-02 1.023277654607321063e-01
1.700000000000000178e+00 2.129169466330037286e-01 1.691056547029797241e-01 1.213910921688835381e-01 7.131938982500404811e-02 1.324010795431909138e-01 1.114521246506100238e-01 1.121664876175926112e-01 1.157258355799853367e-01 1.189645217760794543e-01
1.800000000000000044e+00 4.868291935716642649e-02 1.628544993750518644e-01 1.123872187167976461e-01 1.455211637677250314e-01 1.263632534794603968e-01 1.358253711172360823e-01 1.291366031425382477e-01 1.283748386626942239e-01 1.326035877487695969e-01
1.900000000000000133e+00 1.101025023665812147e-01 2.151874869816177704e-01 1.554326469450763304e-01 1.414862930836503496e-01 1.546816562793689731e-01 1.466722645932913849e-01 1.498550295591745962e-01 1.455361444317191943e-01 1.460889595379921413e-01
2.000000000000000000e+00 2.687456910611800698e-01 1.145539510415966022e-01 1.630400480375133188e-01 1.632986813287193306e-01 1.418949339203775251e-01 1.547474694122312755e-01 1.680457612877611362e-01 1.590912241110330472e-01 1.590859754694481931e-01
2.100000000000000089e+00 2.477837082522256762e-01 2.181392526508426910e-01 1.173407939398724287e-01 1.799979205923133985e-01 1.660691435757015721e-01 1.743329956971507444e-01 1.712977902690640541e-01 1.712465650951622564e-01 1.723320708608140073e-01
2.200000000000000178e+00 6.996702243567229362e-02 2.311574307002726147e-01 1.803871656095728804e-01 1.849903101612603573e-01 1.850509848078173980e-01 1.877533333467226451e-01 1.841773569447177072e-01 1.849074127525463240e-01 1.853174396651246503e-01
2.300000000000000266e+00 1.269553484331990834e-01 1.873043454862567680e-01 2.060380210306017867e-01 1.765577951052452466e-01 1.887950679633635109e-01 1.905402049923345942e-01 1.940574482633424525e-01 1.923813825124272292e-01 1.931047403001848739e-01
2.400000000000000355e+00 3.001300334248443447e-01 2.886656260594352430e-01 2.472643255397197204e-01 2.462783010234295966e-01 1.894591772059128487e-01 2.058092755883584313e-01 1.974945141471824983e-01 2.021736848949734211e-01 2.018893858002635822e-01
2.500000000000000000e+00 1.857785521730817013e-01 1.942537301265572780e-01 1.504745964762549404e-01 1.885264723720337099e-01 2.157448145013839413e-01 2.033364483181496485e-01 2.108956605402801943e-01 2.052990212800375469e-01 2.056033943094349170e-01
2.600000000000000089e+00 1.566339838561281173e-01 1.749282309584553330e-01 1.964249813960347035e-01 2.031070962075693653e-01 1.900485193819047847e-01 2.081088862749445878e-01 2.058017576790689418e-01 2.087008765916390785e-01 2.061008061517832224e-01
2.700000000000000178e+00 1.154471434745318187e-01 1.791660547401474901e-01 2.587657757278107873e-01 2.065863626361485739e-01 2.216941781447827609e-01 2.165812936822777424e-01 2.077010871350992993e-01 2.080006847804406755e-01 2.102172893694139177e-01
2.800000000000000266e+00 -2.723769468315653808e-02 1.934645237299420228e-01 2.543186764641564013e-01 2.014197120871999702e-01 2.149173060658979839e-01 2.079121845498557164e-01 2.048349599263993015e-01 2.078665033522301142e-01 2.078519411528740868e-01
2.900000000000000355e+00 1.557961259298825674e-01 1.681777471800149359e-01 2.356795517330217971e-01 1.371986244457527593e-01 1.898411997589046496e-01 2.063807984922490790e-01 2.011703421241792800e-01 2.020970172910044604e-01 2.040742499084212125e-01
3.000000000000000000e+00 2.373202261490458820e-01 1.922086014693472344e-01 1.740762194971934296e-01 2.049916646405842147e-01 1.924044724180501154e-01 2.010997029398388369e-01 1.976927714634204025e-01 1.936678650331751517e-01 1.950934349192927908e-01
3.100000000000000089e+00 1.710448425552340557e-01 2.337321256346641118e-01 2.273634509878758037e-01 1.530728905758807490e-01 1.833104218321272016e-01 1.813161693624095738e-01 1.861081814477711649e-01 1.843637481457948979e-01 1.841463307720643816e-01
3.200000000000000178e+00 3.671010955639147921e-01 1.396077390894992498e-01 1.617906073953680191e-01 1.564333800266794472e-01 1.967789514986198751e-01 1.769556536254706380e-01 1.701061884185651740e-01 1.726374866970578348e-01 1.720516650235378586e-01
3.300000000000000266e+00 7.655016440128634136e-02 3.503955400929421871e-02 1.840067158935491387e-01 1.863836743736297374e-01 1.455730089757494294e-01 1.449029008172326993e-01 1.570804497316511672e-01 1.552775608228592064e-01 1.546620790129230316e-01
3.400000000000000355e+00 4.429206093442111802e-02 1.506160435805063980e-01 1.472712287918606366e-01 1.172519630120043288e-01 1.341581082702232586e-01 1.436220248451294812e-01 1.379611259545235336e-01 1.363930738077669125e-01 1.350765372574520007e-01
3.500000000000000000e+00 1.522366226739123030e-01 5.334862589355447021e-02 6.052613308905070710e-02 9.944466381720853954e-02 1.248386116304191079e-01 1.182460437798228264e-01 1.151120251013104112e-01 1.108127683573053995e-01 1.131552618830397594e-01
3.600000000000000089e+00 -1.223729705154925906e-01 1.203721411504061756e-01 6.144757337675332831e-02 7.593868046976355590e-02 8.342513114524961748e-02 9.944436187272076566e-02 8.348042725594548297e-02 8.808038629573466949e-02 9.032667590775450561e-02
3.700000000000000178e+00 2.050161405482182619e-01 4.247589760909199763e-02 7.670965911484239896e-02 4.491400064192191399e-02 5.862633334311401906e-02 5.667726714466786442e-02 5.920736872472881496e-02 6.050113877902908027e-02 6.272103868370623725e-02
3.800000000000000266e+00 1.260991992693603625e-01 9.953334895507880142e-02 4.835311202031962463e-02 5.736682202946079279e-02 5.879033324957379236e-03 3.475330350965961934e-02 3.294398479103149285e-02 3.172188794096720416e-02 3.018189128097200843e-02
3.900000000000000355e+00 6.882851826652015836e-02 3.058243608461416047e-02 6.214564447746943367e-04 -2.159754410531518776e-03 -1.847536364878827470e-02 -7.183166874151484214e-03 -1.714705461307790973e-03 -2.862836015684698445e-03 -2.369570305522915657e-03
4.000000000000000000e+00 -1.125324026581296932e-01 -3.907497881930641070e-02 -6.495999441054380041e-02 -8.116681092504154926e-02 -3.729343818410828931e-02 -3.922531565470804837e-02 -3.420061744383978697e-02 -3.590748974933732213e-02 -3.707246868347503083e-02
4.100000000000000533e+00 -1.755147936651352270e-01 8.398685213341139377e-02 -7.318190573098935781e-02 -8.184993062753045945e-02 -5.476451088512979126e-02 -7.554315111967335739e-02 -7.607388228211917069e-02 -7.386585140097495783e-02 -7.411361273758279578e-02
4.200000000000000178e+00 -1.194508468309175842e-02 -1.044307485299231647e-01 -1.008180123093326552e-01 -1.294396906961006455e-01 -9.341756629306598170e-02 -1.155119388426136262e-01 -1.131055101836615645e-01 -1.146280505799891491e-01 -1.150644898798136723e-01
4.299999999999999822e+00 -1.019257802950434416e-01 -2.130548523930053118e-01 -2.265860242382464751e-01 -1.736121352924757943e-01 -1.551798465564879215e-01 -1.554777512250505034e-01 -1.564297809749178869e-01 -1.522279966137903284e-01 -1.553490035359675614e-01
4.400000000000000355e+00 -3.198797683378106216e-01 -9.867411219107985465e-02 -1.800274902361431173e-01 -2.332357999932207770e-01 -1.958732104645558025e-01 -2.070458093546779510e-01 -2.006463635456189054e-01 -1.986962835154664209e-01 -1.992818781248124060e-01
4.500000000000000000e+00 -3.250698441855596754e-01 -1.941370331695900786e-01 -2.723186057598254717e-01 -2.358394219974919714e-01 -2.476219363821517416e-01 -2.423133233209049109e-01 -2.486930203574595488e-01 -2.407516730816983697e-01 -2.443660888055126379e-01
4.600000000000000533e+00 -3.219434992908187243e-01 -3.721297244931698889e-01 -2.453878683968399033e-01 -2.941540400426176372e-01 -3.092534730057230341e-01 -2.907531042887194217e-01 -2.902436592799008674e-01 -2.890808002895030038e-01 -2.886641073126354207e-01
4.700000000000000178e+00 -2.839544104206914166e-01 -3.584081532004763648e-01 -3.465040642552038030e-01 -3.125454832516314507e-01 -3.461961078391448399e-01 -3.322433960566972266e-01 -3.366618034953847705e-01 -3.366896530371247254e-01 -3.366441218599457441e-01
4.800000000000000711e+00 -4.026611836516679754e-01 -3.982122550239425851e-01 -3.671754574874898092e-01 -3.870236659572115490e-01 -3.804490297405304089e-01 -3.866999201831851085e-01 -3.866877926541104071e-01 -3.814802668706075428e-01 -3.831568822641942540e-01
4.900000000000000355e+00 -4.226491302632323643e-01 -3.869097148470109770e-01 -4.307532728205354378e-01 -4.369639351562371599e-01 -4.320921005884283406e-01 -4.247417578008795824e-01 -4.272086800918123983e-01 -4.294336315425466566e-01 -4.285534833176951053e-01
5.000000000000000000e+00 -5.308756779047342222e-01 -4.876755080641035911e-01 -4.571047929463038506e-01 -4.686225661000130160e-01 -4.911201136270537670e-01 -4.624179617929037311e-01 -4.743838129624834976e-01 -4.743040593023163387e-01 -4.754952371805619138e-01
5.100000000000000533e+00 -5.344707426179626797e-01 -5.127952656688102850e-01 -4.887436313594983317e-01 -4.948733839616518693e-01 -5.252469923715439304e-01 -5.365470191383500120e-01 -5.224059565134221428e-01 -5.234457524030171616e-01 -5.230787888271081210e-01
5.200000000000000178e+00 -6.160948182452550270e-01 -5.390444708632304849e-01 -5.270245019966536271e-01 -5.435545605200257091e-01 -5.756263499470618550e-01 -5.764800666295651910e-01 -5.675745620029022387e-01 -5.675372461499543775e-01 -5.684153994638659890e-01
5.300000000000000711e+00 -4.478096134972404663e-01 -5.707314177229934060e-01 -5.914179018757448336e-01 -6.264714306246708109e-01 -6.027536936116287825e-01 -6.177544821227782812e-01 -6.093432132340903529e-01 -6.139401880267103540e-01 -6.145901496449778234e-01
5.400000000000000355e+00 -6.744604293980477339e-01 -7.579709491597921289e-01 -6.406002449808150256e-01 -6.542074522238817691e-01 -6.589748997447427703e-01 -6.595570883432768650e-01 -6.641799875572542700e-01 -6.582748181969950707e-01 -6.592681659173483810e-01
5.500000000000000000e+00 -6.794218338629167686e-01 -6.653066961154914249e-01 -7.908788345683260834e-01 -7.007949162940335652e-01 -6.904199198798985915e-01 -6.994208896631621819e-01 -7.023018994088633393e-01 -7.050864532164644594e-01 -6.988902215074016544e-01
5.600000000000000533e+00 -8.302687608920927831e-01 -7.848777654852239216e-01 -7.571457927705643742e-01 -7.514864509489977973e-01 -7.480951127481852980e-01 -7.454338479159157149e-01 -7.433043920335294930e-01 -7.406528735653774564e-01 -7.437177457010158976e-01
5.700000000000000178e+00 -9.921404471148541626e-01 -7.886773288839794560e-01 -7.898389276923296620e-01 -7.894238760377141340e-01 -7.731424370632342669e-01 -7.704532173844533816e-01 -7.789498876083313927e-01 -7.801749641754252007e-01 -7.820596119735993001e-01
5.800000000000000711e+00 -8.631716089538399306e-01 -7.753591251086389136e-01 -8.028624959982961773e-01 -7.536141828489155703e-01 -8.061569865572928428e-01 -8.210157713037578020e-01 -8.195744119385028892e-01 -8.173515082035859303e-01 -8.180053124334641934e-01
5.900000000000000355e+00 -7.465729613745837323e-01 -8.181886586153825913e-01 -8.720792578999061462e-01 -8.667931824440362476e-01 -8.565565898138735035e-01 -8.462417887236717284e-01 -8.465414099949797322e-01 -8.544101273867422686e-01 -8.501191875092105610e-01
6.000000000000000000e+00 -7.786606887549969436e-01 -8.077995549206857806e-01 -9.077042323710717842e-01 -8.863122499440907465e-01 -8.910922005927205403e-01 -8.804212819954293501e-01 -8.830725470155466050e-01 -8.852791502482069141e-01 -8.868821886801616650e-01
6.100000000000000533e+00 -8.085140600247185949e-01 -9.357999188134215052e-01 -9.643553879765099923e-01 -9.161868441314019451e-01 -9.183681272950223740e-01 -9.167610888570069116e-01 -9.127756717015265142e-01 -9.152041155153989305e-01 -9.133846236328095891e-01
6.200000000000000178e+00 -7.411987265334236685e-01 -9.380891135577532625e-01 -9.356422133162858312e-01 -9.257060882994658790e-01 -9.480530180557645847e-01 -9.523916697987723223e-01 -9.458953695142172657e-01 -9.408127551179716885e-01 -9.407068001611832431e-01
6.300000000000000711e+00 -1.092932685825567907e+00 -1.033117416601115668e+00 -9.791348779141330061e-01 -9.679598470439507718e-01 -9.712750119456972087e-01 -9.591755648391515621e-01 -9.663559107666803705e-01 -9.673102161266871057e-01 -9.656709995697932980e-01
6.400000000000000355e+00 -1.073673145188562827e+00 -1.006880091226227236e+00 -9.848118096240072727e-01 -9.626038339333600202e-01 -9.830064448353906803e-01 -9.925533943867658193e-01 -9.794007560892381559e-01 -9.865526254383220062e-01 -9.870633357688846088e-01
6.500000000000000000e+00 -1.081756311437072737e+00 -1.101014225657924506e+00 -9.887180092289989952e-01 -1.012144685219922291e+00 -1.015638367333842496e+00 -1.000677508620168910e+00 -1.008569044447946927e+00 -1.004900401081768146e+00 -1.003675739905153019e+00
6.600000000000000533e+00 -9.184882272742584952e-01 -9.025677623328376420e-01 -1.069775964986047878e+00 -1.031117269650846824e+00 -1.021102853380746023e+00 -1.025872214393849013e+00 -1.015468499269600811e+00 -1.020567493371852041e+00 -1.021577875563360660e+00
6.700000000000000178e+00 -9.072087997992384079e-01 -1.010435538397273625e+00 -1.018423376027535854e+00 -1.053608993343650546e+00 -1.017343883545792860e+00 -1.025204252173649522e+00 -1.033950875364279876e+00 -1.029927910117911960e+00 -1.032733744691381794e+00
6.800000000000000711e+00 -8.985285644498085533e-01 -9.416801332595897689e-01 -1.012820137614336646e+00 -1.054960097858266499e+00 -1.040296801732120358e+00 -1.021001555384622339e+00 -1.043974153968166396e+00 -1.041182009608101255e+00 -1.042421764615747870e+00
6.900000000000000355e+00 -9.738554945300345045e-01 -1.102078025143321982e+00 -1.067657567262288998e+00 -1.045482369358988306e+00 -1.058933577271935045e+00 -1.049269117326449230e+00 -1.045835686220426108e+00 -1.046630259423837028e+00 -1.048431009085209809e+00
7.000000000000000000e+00 -9.670938336355068277e-01 -1.040506329845276356e+00 -1.032643341669504444e+00 -1.082102914995466181e+00 -1.045478774459899673e+00 -1.044218113558740502e+00 -1.055628445808123983e+00 -1.054851123154973980e+00 -1.052655262832610239e+00
7.100000000000000533e+00 -1.008743301784869040e+00 -1.084376431418051068e+00 -1.005758176796335501e+00 -1.065555049349448336e+00 -1.052844578894802652e+00 -1.043239113550561870e+00 -1.047787596945527477e+00 -1.049636689282137825e+00 -1.052944487173639754e+00
7.200000000000000178e+00 -1.067371479299421333e+00 -1.171911929188286017e+00 -1.121097449546406777e+00 -1.063195464492085129e+00 -1.051702605777486976e+00 -1.053413143813024089e+00 -1.053830560922425663e+00 -1.050674510357172187e+00 -1.050734021778299221e+00
7.300000000000000711e+00 -1.217585679109254082e+00 -9.807868212019171805e-01 -1.045420042631676871e+00 -1.058608177018932173e+00 -1.038675435193090912e+00 -1.052178966499889512e+00 -1.043813453973130301e+00 -1.046005091356460026e+00 -1.045144962784598341e+00
7.400000000000000355e+00 -1.269029417018533001e+00 -1.053897839463193931e+00 -9.418479868563640611e-01 -1.033534890607888723e+00 -1.049519288306461462e+00 -1.041635147561270847e+00 -1.040149593191254773e+00 -1.037078706383310456e+00 -1.039583304494205107e+00
7.500000000000000000e+00 -1.065391890164349320e+00 -1.062997389283445893e+00 -1.018491643680467629e+00 -1.021085852395236193e+00 -1.027809246717398262e+00 -1.033864793832201867e+00 -1.028612205273484514e+00 -1.028698568416498427e+00 -1.028021398289854282e+00
7.600000000000000533e+00 -1.014969276202654536e+00 -1.013277223121052284e+00 -1.024609443471124148e+00 -1.008975657280178240e+00 -1.033692786995599189e+00 -1.015754417138300614e+00 -1.022936225212934813e+00 -1.015948499938151839e+00 -1.017077836738305319e+00
7.700000000000000178e+00 -1.017301022379998754e+00 -1.206577108878408744e+00 -9.811621698426761240e-01 -1.028206148001949538e+00 -9.982298322108456023e-01 -1.009287277510442227e+00 -1.001249289082251082e+00 -1.003600346053628911e+00 -1.004445572562649547e+00
7.800000000000000711e+00 -9.035871035715633548e-01 -1.040815181055543048e+00 -1.022649490707588038e+00 -9.962492833809118986e-01 -9.839305858644832314e-01 -9.906201753863571602e-01 -9.897214040850331740e-01 -9.912210716957317036e-01 -9.935619136602446000e-01
7.900000000000000355e+00 -9.613312987161201084e-01 -1.072036878513126457e+00 -9.819940482189483122e-01 -9.946255932955411216e-01 -9.527438164330556125e-01 -9.783907509686688986e-01 -9.749667795176902851e-01 -9.742415656465159834e-01 -9.754096172820362343e-01
8.000000000000000000e+00 -9.006483020718927257e-01 -1.046807649743135338e+00 -9.110253330721314047e-01 -9.605405381066174364e-01 -9.565241705600243671e-01 -9.644621884819761792e-01 -9.605795913986053813e-01 -9.580829397274516213e-01 -9.592524039890589771e-01
8.099999999999999645e+00 -9.143447684809443698e-01 -9.048440949644269704e-01 -9.484155904100337597e-01 -9.241495875052762043e-01 -9.240110485397550200e-01 -9.452579110844925303e-01 -9.406227425404304343e-01 -9.423540283467546352e-01 -9.418071030366268470e-01
8.200000000000001066e+00 -9.714776110263095843e-01 -9.582062891777376468e-01 -8.472600109793108070e-01 -9.259240871724367938e-01 -9.346836909200608723e-01 -9.241227764247154086e-01 -9.221507346608220912e-01 -9.215434083844973312e-01 -9.228026139556080309e-01
8.300000000000000711e+00 -9.272569635530627519e-01 -9.832523296510781163e-01 -8.830848650106465358e-01 -9.386300540819234595e-01 -9.066971313650895592e-01 -9.108980617786852640e-01 -9.070610598133085345e-01 -9.071038103875558312e-01 -9.055483001160878898e-01
8.400000000000000355e+00 -8.680106598268723106e-01 -8.238511530961288853e-01 -8.772949188887290140e-01 -9.022505341567839121e-01 -8.842284699344163945e-01 -8.850501975435272062e-01 -8.868271626301881261e-01 -8.856535409469438180e-01 -8.863798783026168859e-01
8.500000000000000000e+00 -7.299139116303208219e-01 -9.120479816981408305e-01 -8.989258784839421201e-01 -8.901953805306177525e-01 -8.670357046158094771e-01 -8.740906622464067466e-01 -8.681642465605701187e-01 -8.718117961344351574e-01 -8.679346168938920636e-01
8.599999999999999645e+00 -9.577278632743091435e-01 -8.306598757985297343e-01 -9.001627020160716253e-01 -8.403746779928784605e-01 -8.470696167090230322e-01 -8.511308033218080160e-01 -8.560581715749665532e-01 -8.518290631194149753e-01 -8.521332600402169444e-01
8.700000000000001066e+00 -8.045021321279802740e-01 -8.178567372387816059e-01 -8.414860004329657306e-01 -8.292566028949427404e-01 -8.590327138452293898e-01 -8.267633721485424525e-01 -8.379442156375052075e-01 -8.379774654559113412e-01 -8.346452263650623316e-01
8.800000000000000711e+00 -9.429037061837852729e-01 -8.515843485499888788e-01 -8.306160556209489787e-01 -8.267048285757494508e-01 -8.288933640704994055e-01 -8.145510779643861943e-01 -8.199178918395083615e-01 -8.167018163530618269e-01 -8.183016602416520735e-01
8.900000000000000355e+00 -9.073389987299401716e-01 -7.082736107573840423e-01 -8.241089326072024157e-01 -8.052626097059560895e-01 -8.106309986141649881e-01 -8.007781909657493147e-01 -8.048373867872824494e-01 -8.053233075084739179e-01 -8.038517728925520522e-01
9.000000000000000000e+00 -7.090101348638737644e-01 -9.324130641172592160e-01 -7.775560797935912039e-01 -8.093705916189029015e-01 -7.854558121824671835e-01 -7.936448221626448696e-01 -7.909552613976219559e-01 -7.933208500317645573e-01 -7.918868428797417591e-01
9.099999999999999645e+00 -6.903577611012929882e-01 -8.205234885130266997e-01 -7.724894365718464329e-01 -7.814629792833681643e-01 -7.935870358288716897e-01 -7.835703151469147754e-01 -7.777849208285742000e-01 -7.792658738564509635e-01 -7.808448995697123696e-01
9.200000000000001066e+00 -5.400437540057310137e-01 -8.036971975075032359e-01 -8.040617313512380404e-01 -7.756159303754687206e-01 -7.737352662130196901e-01 -7.773707476328725052e-01 -7.679166273817429333e-01 -7.755447220850442136e-01 -7.731445021011226215e-01
9.300000000000000711e+00 -8.331207552463762989e-01 -7.008711862330431197e-01 -7.623610264323822383e-01 -7.649427529617117694e-01 -7.728063649121695855e-01 -7.676570307118180114e-01 -7.635311710315543232e-01 -7.642146528583331211e-01 -7.661461891506211597e-01
9.400000000000000355e+00 -6.671269993365431805e-01 -7.531074792760420467e-01 -7.809659472448925444e-01 -7.967253347922855777e-01 -7.659332966190951497e-01 -7.647285369443145298e-01 -7.569668921322649791e-01 -7.580682526851550973e-01 -7.616324329234434032e-01
9.500000000000000000e+00 -8.701629987019610102e-01 -8.160304242148637144e-01 -7.269691651031869872e-01 -7.357155402831210278e-01 -7.751525581946623333e-01 -7.555194492601776668e-01 -7.543241631776625988e-01 -7.602101963911651605e-01 -7.601085300127258249e-01
9.600000000000001421e+00 -6.153572603161143739e-01 -7.871619320228440131e-01 -7.787250040663643569e-01 -7.452041939100108037e-01 -7.595616236075840577e-01 -7.632367522767599111e-01 -7.613307343106704428e-01 -7.620985377644623471e-01 -7.589010544799863478e-01
9.700000000000001066e+00 -8.745320531175261314e-01 -6.796908028758990028e-01 -7.496516206860656117e-01 -7.773330623796415040e-01 -7.802101659978095682e-01 -7.616523685087240869e-01 -7.594800024286709750e-01 -7.598584329541057114e-01 -7.598556245576886248e-01
9.800000000000000711e+00 -7.405016579754054584e-01 -7.887170899488531450e-01 -8.140377484099883265e-01 -7.541663882976220590e-01 -7.710168437273158260e-01 -7.603497959590489463e-01 -7.645531645786302066e-01 -7.636165085973851685e-01 -7.650906513073393311e-01
9.900000000000000355e+00 -9.430509872180448117e-01 -7.341565769299086552e-01 -8.044321607799338469e-01 -7.817008365282168691e-01 -7.642332171160381993e-01 -7.741069967933147389e-01 -7.745787892095326033e-01 -7.744614924423898206e-01 -7.732729350030712601e-01
1.000000000000000000e+01 -8.294009491463216754e-01 -7.483276964684366650e-01 -7.450221629736114570e-01 -7.824186403368857956e-01 -7.867834426428329531e-01 -7.798565310365619396e-01 -7.840282422332407464e-01 -7.830840806504455465e-01 -7.819823940212485835e-01
